//1500
P:4:54.4699763107484:-1.44987323534875:54.3644495254677:-1.5947372802433:54.4258303134903:-1.69180337671964:54.5006667047596:-1.49840628358692:1500
P:4:54.5483916225926:-1.40892427845713:54.6538890385883:-1.26394745931042:54.5924885797351:-1.16688522974502:54.5176913931661:-1.36039316367443:1500