P:4:57.487850818187525:-4.143196647057856:57.434090349644976:-4.233222394165145:57.46079550179372:-4.275791033767868:57.50021766443353:-4.162909690366354:1100
P:4:57.57251409873533:-3.9928946286971265:57.62375799447029:-3.906997747512151:57.60438293615891:-3.876126265124532:57.566814530614856:-3.983813153223826:600