//1400/1900
P:4:50.4417823455618:-5.06244700263001:50.4915254155059:-5.25944866468086:50.5633204626029:-5.19301025430996:50.4776798691103:-5.02922779744456:1400
P:4:50.4411202825982:-4.93195223845835:50.3913115345727:-4.73503793423114:50.3195386494164:-4.80151969313244:50.40523384002:-4.965193117909:1900