//1500
P:4:51.8452185586585:-0.413496399603559:51.7892538271948:-0.612387941281424:51.8695095469776:-0.648729482559712:51.88534641855:-0.431667170242703:1500
P:4:51.9038301015907:-0.324549754256784:51.9597305276387:-0.125588522263818:51.8794630703478:-0.0893109880146895:51.8636963729452:-0.30641098713222:1500