P:4:51.852826994059136:-0.4589854639413704:51.84292583398797:-0.4965458013507513:51.860713542081996:-0.5046004637435882:51.8642751825801:-0.4641694535289301:1600
P:4:51.90214037122351:-0.25651830067419595:51.927192545575814:-0.16133353955801255:51.89587594963434:-0.14717974772035644:51.88688624034758:-0.24962407138165907:1800