//1500/1400
P:4:51.2427033178814:-0.804877511947006:51.161750053079:-0.977466653926398:51.2353426710418:-1.03996050394604:51.2794996268628:-0.83612443695683:1500
P:4:51.3082806453964:-0.749550691829439:51.3892150639561:-0.576918960491781:51.3156156234102:-0.514438400848843:51.2714809251234:-0.71831041200797:1400