P:4:51.234366409450274:-0.8732146580854362:51.21485217108882:-0.9169768206309364:51.236976274554706:-0.9357643083177403:51.248739591349114:-0.8854201686210891:900
P:4:51.29710063229366:-0.7249759786880738:51.30880630809769:-0.6987123712154512:51.29753244975202:-0.6891416873413905:51.29047775802907:-0.7193536412432856:700
P:4:51.30880630809769:-0.6987123712154512:51.323438402852716:-0.6658828618746728:51.30635081440571:-0.6513767449640215:51.29753244975202:-0.6891416873413905:1500