//1600
P:4:50.9130755947068:-1.3425030961789:50.7803839579775:-1.38153171036518:50.8080366133804:-1.50629501748543:50.9269019224082:-1.40488474973903:1600
P:4:50.9876847203482:-1.37096595599232:51.120372063054:-1.33188914299701:51.0927056877694:-1.20709695107332:50.9738515327058:-1.30856986003048:1600