P:4:54.08266287812184:-4.62468612395986:53.98433979111906:-4.692150402258734:53.996093481325765:-4.729861349538968:54.08392951777448:-4.628750054548784:100
P:8:54.084986514571135:-4.621301980393611:54.117885179583105:-4.449536543300471:54.093382917586304:-4.440635009630562:54.08234602157883:-4.620342704173348:54.081744040984425:-4.62509867141982:54.06570462818145:-4.715829948742987:54.0773307676783:-4.720053369357635:54.08438453397673:-4.626057881701063:100