//1800
P:4:52.8090727268252:-1.38721833677875:52.7842004581289:-1.60675694875443:52.867495366928:-1.61094505224856:52.8507201812247:-1.38931238852581:1800
P:4:52.8529256286148:-1.26826231436323:52.8777284441458:-1.04869863926718:52.7944322218826:-1.04458265650143:52.8112775174832:-1.26620432298035:1800