//1500 
P:4:51.3931320438877:-3.40641889410754:51.4345638579086:-3.61228397289683:51.5089722223097:-3.55214162677119:51.4303362260883:-3.37634772104472:1500
P:4:51.3997874448533:-3.27936646917647:51.3583108015455:-3.07356069255556:51.2839155390437:-3.13373411032732:51.3625898136024:-3.30945317806235:1500