//1699
P:4:53.3156386384111:-2.29840319474706:53.2156335473479:-2.45019473147547:53.2804505938472:-2.53793187499992:53.3480471616607:-2.34227176650929:1600
P:4:53.3932330317155:-2.2486098112165:53.4931906640097:-2.09668152611615:53.4283462026394:-2.008972927385:53.3608108010303:-2.20475551185093:1600
P:4:53.3000530900233:-2.32127787296224:53.2000163750117:-2.47295548752533:53.2648151350576:-2.56069845800878:53.3324524700462:-2.36514935820397:1600
P:4:53.3800685859367:-2.26655954692081:53.4800578604558:-2.11473664722479:53.4152316736914:-2.02701722676701:53.3476554925544:-2.22269983669192:1600