P:8:53.35897573450228:-2.2677398478615642:53.397367714256745:-2.200372045315223:53.388121796710884:-2.1878526165176977:53.356875830188045:-2.2648964737547512:53.349899265497726:-2.2793073278729885:53.243289379951634:-2.455324543132448:53.27164994786711:-2.493713753255801:53.35199916981196:-2.282149783926696:300
P:8:53.345807305815775:-2.285663641820148:53.384213316677474:-2.2183391009206197:53.374970007628136:-2.205818133236289:53.34370799393524:-2.2828199182061035:53.33431769418423:-2.3022090101914023:53.30809749516766:-2.350116657755392:53.313928436776756:-2.3580122430588086:53.336417006064764:-2.3050516550234796:300