P:4:53.39734930239042:-2.200340424902411:53.48257921413487:-2.064382797983151:53.44942596713317:-2.0195397261701147:53.388099474212225:-2.187829110121346:1100
P:4:53.30809749516766:-2.350116657755392:53.226452555805295:-2.480038725575711:53.25514635926401:-2.518892548521615:53.313928436776756:-2.3580122430588086:700
P:4:53.38419491139914:-2.2183074795100444:53.47067111408974:-2.0805007523378127:53.437185829231716:-2.035190208432408:53.374947690027476:-2.2057946210487667:1100