P:4:55.846935883906305:-4.474292970754085:55.82469539086364:-4.506272445695578:55.83330376587391:-4.520880663042879:55.85014171364293:-4.479733191180728:500
P:4:55.82469539086364:-4.506272445695578:55.76844002610866:-4.587161705841706:55.790713662693435:-4.624959562458908:55.83330376587391:-4.520880663042879:1100
P:4:55.903944996601005:-4.383344519593919:55.93010291120859:-4.345691016934275:55.91831265119942:-4.325689587551667:55.89851278460301:-4.374129115982386:700
P:4:55.93010291120859:-4.345691016934275:55.99418980199719:-4.2534399354181485:55.966822324360656:-4.207012742896406:55.91831265119942:-4.325689587551667:1400