//1500
P:4:53.5342847421523:-0.340630993387645:53.4030509788096:-0.393596288881973:53.4347530478632:-0.523360389070894:53.5501357766791:-0.405513043482106:1500
P:4:53.6125808490581:-0.362280064345268:53.7438091202249:-0.309255888757435:53.7120936008112:-0.179451375711621:53.5967230893512:-0.297377807822361:1500