//1500
P:4:55.0045853429393:-1.72897629870649:54.92972676918:-1.9249058427804:55.0053687905557:-1.98592159239618:55.0424063536271:-1.75948417351438:1500
P:4:55.071190341105:-1.65084549090522:55.1460097153238:-1.45483216284999:55.0703554925817:-1.39385060565879:55.0333632297339:-1.62035471230962:1500