P:4:55.02108835603965:-1.7422882607207688:55.01210315528039:-1.7670796207396846:55.02090152418221:-1.774176721850645:55.0259033405268:-1.7461722115000953:800
P:4:55.01210315528039:-1.7670796207396846:54.98155347269891:-1.8513702448039977:55.0038953486106:-1.8693920570425135:55.02090152418221:-1.774176721850645:900