//2000/1500
P:4:53.1407086906011:-2.98582503967098:53.0264003288896:-3.10549767280433:53.0810609370002:-3.21043973714551:53.1680389946564:-3.03829607184157:2000
P:4:53.215546747054:-2.96944022886437:53.329842587521:-2.84970705566863:53.2751710017718:-2.74475701694198:53.1882109541794:-2.91696520950105:1500