P:4:53.14562431399016:-3.016458188857814:53.11758502933824:-3.0474088722134782:53.12826064986682:-3.0679048325607234:53.15054297005681:-3.025901441307065:900
P:4:53.11758502933824:-3.0474088722134782:53.08954574468631:-3.078359555569143:53.10597832967683:-3.1099082238143816:53.12826064986682:-3.0679048325607234:1600
P:4:53.08954574468631:-3.078359555569143:53.058702531569196:-3.112405307260374:53.081467777467836:-3.156111954193406:53.10597832967683:-3.1099082238143816:2300