P:4:52.820767155747774:-1.4540430977183:52.81725811223186:-1.4897449065546569:52.83878989493374:-1.4908275337604326:52.836596627404205:-1.4548390102957949:900
P:4:52.841748176900154:-1.1959534791730382:52.84470781064948:-1.1657412004102097:52.82317568841634:-1.1646772164549524:52.82504116317526:-1.1951279221586815:1700