//1700
P:4:55.9142357131065:-3.40615684379998:55.8274354976649:-3.59068228420582:55.8987534975191:-3.66766010929168:55.9498947130336:-3.44464575634291:1700
P:4:55.985661500503:-3.3389650913375:56.0724075994744:-3.15431126944152:56.0010670387834:-3.07738045426915:55.9499912201576:-3.30049968375132:1700