P:4:55.91929616538635:-3.446395665107688:55.897247891595775:-3.4956288473542942:55.91343023004887:-3.5130954227135036:55.927591581884286:-3.4553494092045214:800
P:4:55.897247891595775:-3.4956288473542942:55.819553974429:-3.669117203842337:55.863528323581185:-3.7165813750784884:55.91343023004887:-3.5130954227135036:1100
P:4:55.984786171500446:-3.2893366343140285:56.04878921643738:-3.14622948190594:56.01607155197062:-3.1109480575158677:55.97498538473966:-3.2787678567836163:700
P:4:56.04878921643738:-3.14622948190594:56.0802661237834:-3.0758489151478634:56.036277863723555:-3.0284137300071388:56.01607155197062:-3.1109480575158677:2200