//1500
P:4:50.7519713065359:-1.8820376641834:50.6979855024084:-2.07763848555307:50.7785911484731:-2.11108117049569:50.7922741295682:-1.89875900665471:1500
P:4:50.8091498740042:-1.79703669601283:50.8630925015379:-1.60138853573895:50.7824794788648:-1.5679873544315:50.7688433626676:-1.78033610535911:1500