P:8:54.66172313810078:-6.205627232367068:54.68924032944934:-6.12211693983048:54.67846073882729:-6.1134539254574705:54.659274910681425:-6.203659715226027:54.65330741745477:-6.225794658213298:54.585223007130935:-6.419647460694016:54.613910433288574:-6.442696133017664:54.65575564487413:-6.227761666032419:300
P:8:54.64810487385494:-6.220662115719583:54.59685505893824:-6.183451259642129:54.59317184801791:-6.2029823882837585:54.647268354335544:-6.225097965497923:54.65237012614506:-6.227948740754204:54.765802890153836:-6.316562783742288:54.77506102264254:-6.267450698258377:54.653206645664454:-6.223511213186352:300