P:4:54.689217897007644:-6.122092991637062:54.723446423814785:-6.028841486503716:54.697538360548506:-6.008048994528296:54.678435684329095:-6.113439736922813:800
P:4:54.59685136940862:-6.183465042974523:54.536180016845094:-6.133366577506056:54.5270627437137:-6.181741810870677:54.593170131148334:-6.202997282202807:1200