//1500/1800
P:4:51.8699632655269:-2.21371657533927:51.834738175167:-2.424812298811:51.9175762033522:-2.43951307436251:51.9113822796194:-2.22106696311503:1500
P:4:51.917913348134:-2.12439535376396:51.9531157010672:-1.91328454261788:51.8702760907392:-1.89860683858527:51.87649354297:-2.11705650174765:1800