P:4:51.88204282795858:-2.256612809967514:51.87405159880786:-2.3095313817802836:51.89459281093904:-2.313176709363667:51.89385937344512:-2.258709822496634:600
P:4:51.9018364009659:-2.107962552384862:51.913814694806916:-2.0285793772888723:51.89327309035434:-2.02493977071279:51.894382046431936:-2.1066417734824694:700