P:4:50.721050937921426:-3.4752433484520484:50.693498218394446:-3.5865495278127657:50.71952549622772:-3.596695421286907:50.72790532110703:-3.4779153083119168:800
P:4:50.74806980524306:-3.3502721108911926:50.769480569764596:-3.26368070637671:50.747285960833686:-3.2550410292286625:50.740788731136114:-3.3474378131673266:900