//1600/1500
P:4:51.4859723255952:0.00396827444394149:51.4718411239471:-0.211649949951025:51.5550699331706:-0.20494648255245:51.527586730207:0.00732000814322911:1600
P:4:51.5244713711715:0.106756025697401:51.5385557241042:0.322379309386728:51.4553283764287:0.315629256709328:51.4828576973337:0.103380999358701:1500