P:4:51.50480904560717:0.01889043722556926:51.50277361154884:-0.02148851328183421:51.51245444441779:-0.020708793517325894:51.50791551011282:0.0191406400547667:700
P:4:51.50277361154884:-0.02148851328183421:51.501552351113844:-0.04571588358627626:51.515177805000775:-0.04461845366058145:51.51245444441779:-0.020708793517325894:1500