P:4:51.780904120896864:-1.327285076660934:51.74733525151022:-1.3303125377096778:51.751168328515085:-1.363170190030816:51.783109138229435:-1.3461867822055844:900
P:4:51.87636699996538:-1.3141359293859087:51.92168497363734:-1.310047787778437:51.918096105583324:-1.279275479441481:51.87497601246895:-1.3022090779417157:800