//1500
P:4:53.3101921319104:-2.90506074497829:53.2791680727815:-3.12499438737832:53.3622546850353:-3.13572468029893:53.3517354380373:-2.91042589143859:1500
P:4:53.3570984303156:-2.79363184877137:53.3880537174904:-2.57366314149582:53.3049637615341:-2.56300531860634:53.3155534523374:-2.78830293732663:1500