P:4:53.32485008766461:-2.93494629338634:53.30750377385443:-3.0726687582923664:53.33904518699509:-3.076742201569795:53.33451438076672:-2.9361943969380837:1000
P:4:53.34070080720442:-2.777532344529259:53.3541973414963:-2.670093118189523:53.329655619161:-2.6669451886107653:53.33322392522179:-2.776573296194002:800