P:4:50.766381403318135:-1.9016412522052553:50.751137356915194:-1.9607163497474662:50.7685781445457:-1.9679524032295057:50.77363473370955:-1.90465060520852:700
P:4:50.79473545116668:-1.7774393063521856:50.81060108276114:-1.7158884634477:50.79273418280976:-1.708485496223683:50.78748145698829:-1.7744336880696636:600