//1500
P:4:51.844546409427:0.220015548525536:51.7326923381521:0.0977164773667346:51.789419077232:-0.00116604943547952:51.872909778967:0.170574285124429:1500
P:4:51.927653590573:0.252891154186932:52.039507661848:0.375239528856239:51.9827809227681:0.474161919049507:51.899290221033:0.302352349283566:1500