//1700
P:4:57.2260297686857:-2.25704652595546:57.3420549785464:-2.38430998561427:57.3730428067683:-2.24146600862969:57.2415236827967:-2.18562453746317:1700
P:4:57.1788207892242:-2.13930121490464:57.0627835523345:-2.01213124814076:57.0318092260333:-2.15492222082817:57.1633336260736:-2.21069670124835:1700