P:4:57.24744605822417:-2.2410871019146406:57.30313732252435:-2.2988669054005113:57.31294272925744:-2.253667116513322:57.251050434987306:-2.224472077857163:1100
P:4:57.1647345248906:-2.1628573935129283:57.09144936076859:-2.086888465580677:57.08050642913984:-2.1373351431332703:57.16194728809911:-2.1757064946910565:900