//1400/1600
P:4:50.7058483824083:-3.45846852622417:50.6536815938565:-3.65510493024634:50.7345885901747:-3.68664390912904:50.7463018805674:-3.47423801566551:1400
P:4:50.7626643299372:-3.36951416024683:50.8147876703795:-3.17283055819987:50.7338737107549:-3.14133324774476:50.7222073501249:-3.35376550501928:1600