P:4:54.575044563841146:-5.913906986611571:54.521248094758235:-5.961771621280025:54.53578170310027:-5.99793454116213:54.580570927084466:-5.927657834061445:800
P:4:54.65437536900985:-5.8369149833121226:54.71563805919425:-5.782366839508997:54.70110079595194:-5.746196909275059:54.65009893686686:-5.826274861462249:600