//1500
P:4:53.4340573614694:-0.989432272898296:53.3006838033348:-1.02399195938537:53.3259506026089:-1.15738218973738:53.4466907611065:-1.0561273880743:1500
P:4:53.5165114467099:-1.01883354899675:53.6498814119301:-0.984216678997788:53.6246007532877:-0.850764147527552:53.5038711173888:-0.952107283261634:1500