//1500
P:4:51.3597628578857:-2.77140895187175:51.3306905595011:-2.98255690529167:51.4138630862731:-2.99084769752438:51.4013491212717:-2.7755543479881:1500
P:4:51.4054996793166:-2.66861448565828:51.4345489768867:-2.45745356108299:51.3513755482646:-2.44918583806334:51.3639129650055:-2.66448062414845:1500