//1600/1700
P:4:55.534657882799:-4.59166789424574:55.665096011575:-4.53056196313409:55.631547100597:-4.39587352171865:55.51788342731:-4.52432367353802:1600
P:4:55.5104313825203:-4.66832422273281:55.5619646843058:-4.88861213545705:55.6331469087597:-4.81208172759482:55.5460224947473:-4.63005901880169:1600
P:4:55.5071906524802:-4.51756207922458:55.455592052327:-4.29739354842281:55.3844325254453:-4.37396483936344:55.4716108890394:-4.55584772469489:1700