P:8:55.50637176503985:-4.5813014189317345:55.48828157670389:-4.520682576692354:55.48187621656887:-4.5275669533909895:55.50406564545711:-4.583779998681355:55.51126712384904:-4.604568555037238:55.5565246870279:-4.773845127787058:55.57792415537602:-4.750837838350964:55.51357324343178:-4.602089168173451:100
P:4:55.498986893914555:-4.581786648498404:55.5902833477912:-4.529909291955362:55.581257590823505:-4.493673685399528:55.49789999615069:-4.577423092081056:100