P:4:55.488265649485285:-4.520695646516829:55.47466586079332:-4.466406898821847:55.460767879555256:-4.481361837555989:55.481862331800116:-4.5275859438943105:700
P:4:55.47466586079332:-4.466406898821847:55.46582599814354:-4.431119212820109:55.4470564855961:-4.45131616843608:55.460767879555256:-4.481361837555989:1700