//1600
P:4:51.4565230233489:-0.524938229068547:51.4349220949399:-0.73882140693313:51.5182540460755:-0.739592033137333:51.4981889989167:-0.525323542170649:1600
P:4:51.4986346023069:-0.393313113862771:51.5201425265459:-0.179404954566598:51.4368102606404:-0.178727734148283:51.4569684693542:-0.392974503653614:1600
P:4:51.4438190326435:-0.522255201618807:51.4222413542918:-0.736084857692644:51.5055733879275:-0.736831923705821:51.4854850494613:-0.522628734625396:1600
P:4:51.4859052571243:-0.394135056302058:51.5073899286811:-0.180280530268039:51.4240575904294:-0.179626844441892:51.4442390879984:-0.393808213388984:1600