P:8:51.478993770511444:-0.4419652275328471:51.48390647864002:-0.35305955115300747:51.47201947682879:-0.35294962368693333:51.47629403127379:-0.44194026114534507:51.47618122948856:-0.47630980577719656:51.46897835688268:-0.5919543293794293:51.48525370249225:-0.5921048383695378:51.478880968726216:-0.4763347720689094:100
P:8:51.46626971423508:-0.4427791033721838:51.473460015832615:-0.32716437142768334:51.457184654110165:-0.3270184634106521:51.463569972324635:-0.44275490028561854:51.46347195243159:-0.4736348156309622:51.45628165083406:-0.5892491464220707:51.47255701255651:-0.5893950539328385:51.46617169434204:-0.473659018633549:100