P:4:51.46897835688268:-0.5919543293794293:51.46096278121213:-0.6855414885311262:51.49259733011587:-0.6858340343315201:51.48525370249225:-0.5921048383695378:700
P:4:51.483871595017:-0.35305258570623305:51.494125013350946:-0.23271425396434953:51.46249034495402:-0.23245716695090704:51.471984548304995:-0.3529559826598696:1100
P:4:51.45628165083406:-0.5892491464220707:51.44827624848406:-0.6828124841250174:51.479910828706565:-0.6830960859848818:51.47255701255651:-0.5893950539328385:700
P:4:51.47341350410504:-0.32715486108995445:51.481378210737304:-0.23358225062299132:51.449743514876204:-0.23333409783221765:51.45713808288883:-0.3270271914194904:1500